90 380 6 0 0 0 0 199 6 0 0 0 0 0 0 0 0 0 0 0 0 0 35 175 2 1 1 0 4 88 4 0 0 0 0 0 0 0 0 0 0 0 0 0 142 1422 2627 882 6 6 44 205 6 1049 202 15 3 0 3 0 25 3 0 246 6 0 8 1942 5174 2804 34 95 374 426 17 31733 4033 714 60 113 0 8 165 43 17 14625 139 8
218 325 6 26 0 0 0 29 3 3 0 0 0 0 0 0 0 0 0 0 0 0 111 156 2 9 0 0 0 12 2 1 0 0 0 1 0 0 0 0 0 0 0 0 224 1833 227 2007 104 6 6 12 31 85 300 63 6 3 0 0 0 3 3 12 3 0 17 3641 775 15008 1411 722 34 17 87 1672 17378 1541 182 8 26 0 0 43 17 296 60 0
59 200 8 6 183 0 0 14 56 0 0 0 0 0 0 0 0 0 0 0 0 0 28 89 3 3 117 22 10 5 27 3 1 2 0 0 0 1 0 4 0 2 0 0 47 341 53 259 1005 1400 3 9 224 15 101 0 2516 12 107 3 0 25 6 15 3 0 0 400 52 731 4660 6506 8 26 653 182 740 810 26184 17 993 87 0 984 217 113 409 34
5 400 13 76 5 0 0 0 8 0 0 0 0 0 0 0 0 0 0 0 0 0 2 271 11 184 2 2 0 1 4 1 63 0 1 0 0 1 0 0 1 0 0 0 0 123 208 1220 25 25 6 0 6 619 3607 2023 3 3 3 0 0 12 9 151 562 0 0 0 8 26 0 60 8 0 43 627 993 9555 278 8 156 8 0 87 26 2926 12247 0
53 77 6 0 0 0 0 15 258 0 0 0 0 0 0 0 0 0 0 0 0 0 29 37 2 1 1 1 0 6 190 1 0 0 0 0 0 3 0 0 4 0 0 0 170 110 3 25 129 18 3 9 2349 0 3 3 18 0 0 192 0 41 746 3 0 0 165 409 0 148 714 296 8 17 9346 8 52 26 479 0 34 2264 0 1019 5740 60 34 0
202 97 7 0 7 0 0 45 7 7 0 0 0 0 0 0 0 0 0 0 0 0 44 18 1 2 2 0 1 8 1 1 0 0 0 0 0 0 0 1 0 0 0 0 999 1157 37 44 9 6 0 15 6 12 0 0 0 0 3 0 3 0 0 0 0 0 2891 3614 322 1541 252 17 17 8 148 113 95 0 0 0 0 0 0 8 0 26 0 0
79 176 8 0 0 0 0 26 0 0 0 0 0 0 0 0 0 0 0 0 0 0 143 344 7 1 4 0 0 70 4 0 0 0 0 0 0 0 0 0 0 0 0 0 28 249 158 1274 60 12 3 15 15 31 94 22 0 3 3 0 6 0 3 12 0 0 8 43 26 243 78 34 8 0 17 191 113 165 52 0 34 0 17 0 0 52 113 0
6 159 59 11 0 0 0 42 0 0 6 0 0 0 0 0 0 0 0 0 0 0 4 138 122 15 0 0 0 32 0 3 2 0 0 0 0 0 0 0 0 0 0 0 0 53 246 167 0 3 66 3 0 3022 230 50 0 25 0 0 3 6 0 1596 22 0 0 0 0 0 0 8 87 26 0 104 78 322 0 52 0 0 17 17 0 3275 409 0
137 43 0 0 0 0 0 14 0 0 0 0 0 0 0 0 0 0 0 0 0 0 27 8 0 0 0 0 0 4 0 0 0 0 0 0 0 0 0 0 0 0 0 0 644 550 12 28 28 0 0 3 31 0 3 0 0 0 0 0 6 0 0 0 0 0 1036 13170 452 1933 801 8 0 8 470 60 26 0 0 0 0 0 17 0 26 8 0 0
8 25 0 0 4 0 0 140 0 0 0 0 0 0 0 0 0 0 0 0 0 0 6 11 2 2 1 0 8 226 0 0 0 0 0 0 0 0 0 0 0 0 0 0 9 12 50 6 0 0 110 354 3 12 0 0 0 3 0 0 218 0 0 12 0 85 8 69 130 8 0 0 818 670 8 87 0 0 0 130 0 0 409 0 0 87 0 95
12 4 0 0 41 0 0 0 54 0 0 0 0 0 0 0 0 0 0 0 0 0 3 1 0 0 11 0 0 0 14 0 0 0 0 0 0 0 0 16 0 0 0 0 0 12 3 9 72 56 0 0 129 9 6 0 101 0 0 6 0 793 3 0 0 0 0 0 0 26 121 121 0 0 148 0 17 0 1123 0 17 34 0 9006 34 17 0 0
1003 2840 174 206 362 0 0 673 582 9 9 0 0 0 0 0 0 0 0 0 0 0 2643 12301 1235 1864 872 197 242 5935 1700 1028 1081 51 42 61 16 106 154 101 103 238 1 17 4951 23718 15551 22551 5207 3471 967 3367 6557 17218 13104 5804 7063 322 644 467 1843 2190 1985 10344 2472 192 5635 41515 10052 31315 12290 14346 2395 1959 16480 56977 43379 41158 46628 775 3440 3710 1132 20322 11959 44120 40200 200
