9 6 75 0 0 0 0 3 0 0 0 0 15 10 120 35 0 0 0 5 0 0 0 0 0 531 11149 38742 113019 96574 3186 7431 531 1061 0 0 0 0 37134 341312 161755 372342 75796 25434 7630 63586 1526 0
0 0 73 0 0 0 0 0 0 0 0 0 0 0 140 0 5 0 0 10 0 0 0 0 0 0 531 10614 57838 170849 3186 531 0 0 0 0 0 0 0 22384 4579 5088 13737 509 0 5089 0 0
66 0 0 0 0 0 0 0 0 0 0 0 50 10 0 10 0 0 0 0 0 0 0 0 0 5308 0 0 0 1062 531 531 3714 5839 27063 19636 0 47815 509 4580 0 2545 7632 60023 100717 61043 97158 77318
0 0 66 0 0 0 0 0 0 0 0 0 0 0 85 0 5 0 0 0 0 0 0 0 0 0 2655 14859 99754 36618 2124 0 0 0 0 0 0 0 1526 20350 5089 6614 7125 0 509 3054 0 0
4 14 4 0 0 0 0 36 0 0 0 0 5 25 10 20 5 0 0 115 0 0 0 0 0 531 0 1592 0 0 0 23351 6368 13801 0 0 0 0 0 509 0 0 509 3562 0 74266 0 1017
16 16 0 0 0 0 0 16 0 0 0 0 50 5 0 0 0 0 0 45 0 0 0 0 0 531 0 0 0 531 0 17513 48817 70572 6898 6370 0 0 0 0 0 0 0 1017 509 10685 0 0
13 21 0 0 0 0 0 13 0 0 0 0 15 25 0 0 0 0 0 15 0 0 0 0 0 0 0 531 0 0 0 36085 11143 22288 0 0 0 0 0 5596 0 0 0 15769 2544 191256 1017 1017
26 18 0 0 0 0 0 0 0 0 0 0 25 10 0 5 0 0 0 0 0 0 0 0 531 5838 531 9552 531 531 0 62082 14327 8491 0 1592 0 11191 509 130216 2543 62056 8648 733486 199396 1173470 509 1017
0 0 39 0 0 0 0 0 0 0 0 0 0 0 285 40 5 0 0 0 0 15 0 0 0 0 531 21757 3186 4779 0 0 0 0 0 0 0 0 0 5598 509 1018 0 0 0 0 0 0
0 8 0 0 0 0 0 13 0 0 0 0 0 60 0 0 0 0 0 170 35 0 0 0 0 0 0 0 0 0 0 2655 0 7432 0 0 0 0 0 0 0 0 0 0 0 1527 0 0
450 514 1704 0 0 0 0 579 0 0 0 0 5474 4120 7549 8388 1157 0 0 4306 461 34 1025 19 2122 70569 41917 396887 733816 1069685 42447 578351 247789 362928 79589 57304 0 71720 43235 680074 193798 532054 162770 962887 361146 2542266 110378 92575
